A000:0000   32 32 32 32 32 32 32 32 32 32 32 32 32 32 32 32 
A000:0010   32 32 32 32 32 32 32 32 32 32 32 32 32 32 32 32 
A000:0020   32 32 32 32 32 32 32 32 32 32 32 32 32 32 32 32 
A000:0030   32 32 32 32 32 32 32 32 32 32 32 32 32 32 32 32 
A000:0040   32 32 32 32 32 32 32 32 32 32 32 32 32 32 32 32 
A000:0050   32 32 32 32 32 32 32 32 32 32 32 32 32 32 32 32 
A000:0060   32 32 32 32 32 32 32 32 32 32 32 32 32 32 32 32 
A000:0070   32 32 32 32 32 32 32 32 32 32 32 32 32 32 32 32 
A000:0080   32 32 32 32 32 32 32 32 32 32 32 32 32 32 32 32 
A000:0090   32 32 32 32 32 32 32 32 32 32 32 32 32 32 32 32 
A000:00A0   32 32 32 32 32 32 32 32 32 32 32 32 32 32 32 32 
A000:00B0   32 32 32 32 32 32 32 32 32 32 32 32 32 32 32 32 
A000:00C0   32 32 32 32 32 32 32 32 32 32 32 32 32 32 32 32 
A000:00D0   32 32 32 32 32 32 32 32 32 32 32 32 32 32 32 32 
A000:00E0   32 32 32 32 32 32 32 32 32 32 32 32 32 32 32 32 
A000:00F0   32 32 32 32 32 32 32 32 32 32 32 32 32 32 32 32 
A000:0100   32 32 32 32 32 32 32 32 32 32 32 32 32 32 32 32 
A000:0110   32 32 32 32 32 32 32 32 32 32 32 32 32 32 32 32 
A000:0120   32 32 32 32 32 32 32 32 32 32 32 32 32 32 32 32 
A000:0130   32 32 32 32 32 32 32 32 32 32 32 32 32 32 32 32 
A000:0140   32 32 32 32 32 32 32 32 32 32 32 32 32 32 32 32 
A000:0150   32 32 32 32 32 32 32 32 32 32 32 32 32 32 32 32 
A000:0160   32 32 32 32 32 32 32 32 32 32 32 32 32 32 32 32 
A000:0170   32 32 32 32 32 32 32 32 32 32 32 32 32 32 32 32 
A000:0180   32 32 32 32 32 32 32 32 32 32 32 32 32 32 32 32 
A000:0190   32 32 32 32 32 32 32 32 32 32 32 32 33 33 33 33 
A000:01A0   33 33 32 32 32 32 32 32 32 32 32 32 32 32 32 32 
A000:01B0   32 32 32 32 32 32 32 32 32 32 32 32 32 32 32 32 
A000:01C0   32 32 32 32 32 32 32 32 32 32 32 32 32 32 32 32 
A000:01D0   32 32 32 32 32 32 32 32 32 32 32 32 32 32 32 32 
A000:01E0   32 32 32 32 32 32 32 32 32 32 32 33 34 34 34 34 
A000:01F0   34 34 32 32 32 32 32 32 32 32 32 32 32 32 32 32 
A000:0200   32 32 32 32 32 32 32 32 32 32 32 32 32 32 32 32 
A000:0210   32 32 32 32 32 32 32 32 32 32 32 32 32 32 32 32 
A000:0220   32 32 32 32 32 32 32 32 32 32 32 32 32 32 32 32 
A000:0230   32 32 32 32 32 32 32 32 32 32 32 34 35 35 35 35 
A000:0240   35 35 32 32 32 32 32 32 32 32 32 32 32 32 32 32 
A000:0250   32 32 32 32 32 32 32 32 32 32 32 32 32 32 32 32 
A000:0260   32 32 32 32 32 32 32 32 32 32 32 32 32 32 32 32 
A000:0270   32 32 32 32 32 32 32 32 32 32 32 32 32 32 32 32 
A000:0280   32 32 32 32 32 32 32 32 32 32 32 35 36 36 36 36 
A000:0290   36 36 32 32 32 32 32 32 32 32 32 32 32 32 32 32 
A000:02A0   32 32 32 32 32 32 32 32 32 32 32 32 32 32 32 32 
A000:02B0   32 32 32 32 32 32 32 32 32 32 32 32 32 32 32 32 
A000:02C0   32 32 32 32 32 32 32 32 32 32 32 32 32 32 32 32 
A000:02D0   32 32 32 32 32 32 32 32 32 32 32 36 37 37 37 37 
A000:02E0   37 37 33 32 32 32 32 32 32 32 32 32 32 32 32 32 
A000:02F0   32 32 32 32 32 32 32 32 32 32 32 32 32 32 32 32 
A000:0300   32 32 32 32 32 32 32 32 32 32 32 32 32 32 32 32 
A000:0310   32 32 32 32 32 32 32 32 32 32 32 32 32 32 32 32 
A000:0320   32 32 32 32 32 32 32 32 32 32 33 37 38 38 38 38 
A000:0330   38 38 34 32 32 32 32 32 32 32 32 32 32 32 32 39 
A000:0340   32 32 32 32 32 32 32 32 32 32 32 32 32 32 32 32 
A000:0350   32 32 32 32 32 32 32 32 32 32 32 32 32 32 32 32 
A000:0360   32 32 32 32 32 32 32 32 32 32 32 32 32 32 32 32 
A000:0370   32 32 32 32 32 32 32 32 32 32 34 38 3A 3A 3A 3A 
A000:0380   3A 3A 35 32 32 32 32 32 32 32 32 32 32 32 32 32 
A000:0390   32 32 32 32 32 32 32 32 32 32 32 32 32 32 32 32 
A000:03A0   32 32 32 32 32 32 32 32 32 32 32 32 32 32 32 32 
A000:03B0   32 32 32 32 32 32 32 32 32 32 32 32 32 32 32 32 
A000:03C0   32 32 32 32 32 32 32 32 32 32 35 3A 37 37 37 37 
A000:03D0   37 37 36 32 32 32 32 32 32 32 32 32 32 32 32 32 
A000:03E0   32 32 32 32 32 32 32 32 32 32 32 32 32 32 32 32 
A000:03F0   32 32 32 32 32 32 32 32 32 32 32 32 32 32 32 32 
A000:0400   32 32 32 32 32 32 32 32 32 32 32 32 32 32 32 32 
A000:0410   32 32 32 32 32 32 32 32 32 32 35 3A 37 37 37 37 
A000:0420   37 37 36 32 32 32 32 32 32 32 32 32 32 32 32 32 
A000:0430   32 32 32 32 32 32 32 32 32 32 32 32 32 32 32 32 
A000:0440   32 32 32 32 32 32 32 32 32 32 32 32 32 32 32 32 
A000:0450   32 32 32 32 32 32 32 32 32 32 32 32 32 32 32 32 
A000:0460   32 32 32 32 32 32 32 32 32 32 36 37 37 37 37 37 
A000:0470   37 37 37 33 32 32 32 32 32 32 32 32 32 32 39 32 
A000:0480   32 32 32 32 32 32 32 32 32 32 32 32 32 32 32 32 
A000:0490   32 32 32 32 32 32 32 32 32 32 32 32 32 32 32 32 
A000:04A0   32 32 32 32 32 32 32 32 32 32 32 32 32 32 32 32 
A000:04B0   32 32 32 32 32 32 32 32 32 32 36 37 37 37 37 37 
A000:04C0   37 37 37 33 32 32 32 32 32 32 32 32 32 32 39 32 
A000:04D0   32 32 32 32 32 32 32 32 32 32 32 32 32 32 32 32 
A000:04E0   32 32 32 32 32 32 32 32 32 32 32 32 32 32 32 32 
A000:04F0   32 32 32 32 32 32 32 32 32 32 32 32 32 32 32 32 
